11
1 2 3 4 5 6 7 8 9 10 11
1 2 3 1 2 3 1 2 3 1  2

1 2 0 4 5 0 7 8 0 10 11
1 2   3 1   2 3   1  2

1 2 0 0 5 0 7 0 0 10 11
1 2     3   1     2  3

1 2 0 0 0 0 7 0 0 10 0
1 2         3     1




1 2 3 4 5 6 7 8 9 10 11
1 2 3 1 2 3 1 2 3 1  2

1 2 0 4 5 0 7 8 0 10 11
2 1   2 3   1 2   3  1

1 2 0 4 0 0 7 8 0 0  11
2 3   1     2 3      1

1 0 0 4 0 0 7 0 0 0  11
3     1     1        2

0 0 0 4 0 0 7 0 0 0  11




1 2 3 4 5 6 7 8 9 10 11
1 2 3 1 2 3 1 2 3 1  2

1 2 0 4 5 0 7 8 0 10 11
3 1   2 3   1 2   3  1

0 2 0 4 0 0 7 8 0 0  11
  2   3     1        2

0 2 0 0 0 0 7 8 0 0  11
  3         1        2

0 0 0 0 0 0 7 8 0 0  11






[9, 2, 15, 19, 6, 2, 9, 12, 15, 14]
[18, 13, 13, 17, 11, 3, 11, 9, 1, 8]
[10, 20, 18, 20, 5, 10, 3, 6, 12, 1]
[10, 15, 1, 3, 8, 7, 12, 16, 1, 2]
[10, 14, 1, 15, 1, 17, 19, 11, 20, 12]
[16, 3, 11, 6, 7, 7, 11, 1, 18, 2]
[12, 4, 6, 19, 10, 20, 9, 18, 12, 11]
[2, 4, 14, 4, 20, 15, 15, 13, 14, 17]


测试本地文件夹与本地仓库同步

测试两台电脑之间的同步问题